*Quaternion_Cameras
6
1 0 0 -3.8 0 1 0 17 0 0 1 17 0 0 0 1 
3.8 17 -17 
-0.108 -4.34557e-008 -0.994151 -3.8 4.34557e-008 1 -4.84322e-008 17 0.994151 -4.84322e-008 -0.108 17 0 0 0 1 
3.8 17 -17 
-0.969446 1.07226e-008 0.245304 -3.8 -1.07226e-008 1 -8.60872e-008 17 -0.245304 -8.60872e-008 -0.969446 17 0 0 0 1 
3.8 17 -17 
0.0940991 4.35174e-008 0.995563 -3.8 -4.35174e-008 1 -3.95982e-008 17 -0.995563 -3.95982e-008 0.0940992 17 0 0 0 1 
3.8 17 -17 
0.887823 -2.01153e-008 -0.460184 -3.8 2.01153e-008 1 -4.90339e-009 17 0.460184 -4.90339e-009 0.887824 16.75 0 0 0 1 
3.8 16.75 -17 
0.781532 -2.727e-008 -0.623865 -3.8 2.727e-008 1 -9.54954e-009 17 0.623865 -9.54954e-009 0.781532 16.5 0 0 0 1 
3.8 16.5 -17 
