s
0 1
0 3 0 3 0 4
16 16 16
0 0 0 0 0 0 0 0 0 0 0 0 0 0 0 0 
0 0 0 0 0 0 0 0 0 0 0 0 0 0 0 0 
0 0 0 0 0 0 0 0 0 0 0 0 0 0 0 0 
0 0 0 0 0 0 0 0 0 0 0 0 0 0 0 0 
0 0 0 0 0 0 0 0 0 0 0 0 0 0 0 0 
0 0 0 0 0 0 0 0 0 0 0 0 0 0 0 0 
0 0 0 0 0 0 0 0 0 0 0 0 0 0 0 0 
0 0 0 0 0 0 0 0 0 0 0 0 0 0 0 0 
0 0 0 0 0 0 0 0 0 0 0 0 0 0 0 0 
0 0 0 0 0 0 0 0 0 0 0 0 0 0 0 0 
0 0 0 0 0 0 0 0 0 0 0 0 0 0 0 0 
0 0 0 0 0 0 0 0 0 0 0 0 0 0 0 0 
0 0 0 0 0 0 0 0 0 0 0 0 0 0 0 0 
0 0 0 0 0 0 0 0 0 0 0 0 0 0 0 0 
0 0 0 0 0 0 0 0 0 0 0 0 0 0 0 0 
0 0 0 0 0 0 0 0 0 0 0 0 0 0 0 0 
0 0 0 0 0 0 0 0 0 0 0 0 0 0 0 0 
0 0.0106667 0.0213333 0.032 0.0426667 0.0533333 0.0533333 0.0533333 0.0533333 0.0533333 0.0533333 0.0426667 0.032 0.0213333 0.0106667 -2.38419e-09 
0 0.0213333 0.0426667 0.064 0.0853333 0.106667 0.106667 0.106667 0.106667 0.106667 0.106667 0.0853333 0.064 0.0426667 0.0213333 -4.76837e-09 
0 0.032 0.064 0.096 0.128 0.16 0.16 0.16 0.16 0.16 0.16 0.128 0.096 0.064 0.032 -7.15256e-09 
0 0.0426667 0.0853333 0.128 0.170667 0.213333 0.213333 0.213333 0.213333 0.213333 0.213333 0.170667 0.128 0.0853333 0.0426667 -9.53674e-09 
0 0.0533333 0.106667 0.16 0.213333 0.266667 0.266667 0.266667 0.266667 0.266667 0.266667 0.213333 0.16 0.106667 0.0533333 -1.19209e-08 
0 0.0533333 0.106667 0.16 0.213333 0.266667 0.266667 0.266667 0.266667 0.266667 0.266667 0.213333 0.16 0.106667 0.0533333 -1.19209e-08 
0 0.0533333 0.106667 0.16 0.213333 0.266667 0.266667 0.266667 0.266667 0.266667 0.266667 0.213333 0.16 0.106667 0.0533333 -1.19209e-08 
0 0.0533333 0.106667 0.16 0.213333 0.266667 0.266667 0.266667 0.266667 0.266667 0.266667 0.213333 0.16 0.106667 0.0533333 -1.19209e-08 
0 0.0533333 0.106667 0.16 0.213333 0.266667 0.266667 0.266667 0.266667 0.266667 0.266667 0.213333 0.16 0.106667 0.0533333 -1.19209e-08 
0 0.0533333 0.106667 0.16 0.213333 0.266667 0.266667 0.266667 0.266667 0.266667 0.266667 0.213333 0.16 0.106667 0.0533333 -1.19209e-08 
0 0.0426667 0.0853333 0.128 0.170667 0.213333 0.213333 0.213333 0.213333 0.213333 0.213333 0.170667 0.128 0.0853333 0.0426667 -9.53674e-09 
0 0.032 0.064 0.096 0.128 0.16 0.16 0.16 0.16 0.16 0.16 0.128 0.096 0.064 0.032 -7.15256e-09 
0 0.0213333 0.0426667 0.064 0.0853333 0.106667 0.106667 0.106667 0.106667 0.106667 0.106667 0.0853333 0.064 0.0426667 0.0213333 -4.76837e-09 
0 0.0106667 0.0213333 0.032 0.0426667 0.0533333 0.0533333 0.0533333 0.0533333 0.0533333 0.0533333 0.0426667 0.032 0.0213333 0.0106667 -2.38419e-09 
0 -2.38419e-09 -4.76837e-09 -7.15256e-09 -9.53674e-09 -1.19209e-08 -1.19209e-08 -1.19209e-08 -1.19209e-08 -1.19209e-08 -1.19209e-08 -9.53674e-09 -7.15256e-09 -4.76837e-09 -2.38419e-09 5.32907e-16 
0 0 0 0 0 0 0 0 0 0 0 0 0 0 0 0 
0 0.0213333 0.0426667 0.064 0.0853333 0.106667 0.106667 0.106667 0.106667 0.106667 0.106667 0.0853333 0.064 0.0426667 0.0213333 -4.76837e-09 
0 0.0426667 0.0853333 0.128 0.170667 0.213333 0.213333 0.213333 0.213333 0.213333 0.213333 0.170667 0.128 0.0853333 0.0426667 -9.53674e-09 
0 0.064 0.128 0.192 0.256 0.32 0.32 0.32 0.32 0.32 0.32 0.256 0.192 0.128 0.064 -1.43051e-08 
0 0.0853333 0.170667 0.256 0.341333 0.426667 0.426667 0.426667 0.426667 0.426667 0.426667 0.341333 0.256 0.170667 0.0853333 -1.90735e-08 
0 0.106667 0.213333 0.32 0.426667 0.533333 0.533333 0.533333 0.533333 0.533333 0.533333 0.426667 0.32 0.213333 0.106667 -2.38419e-08 
0 0.106667 0.213333 0.32 0.426667 0.533333 0.533333 0.533333 0.533333 0.533333 0.533333 0.426667 0.32 0.213333 0.106667 -2.38419e-08 
0 0.106667 0.213333 0.32 0.426667 0.533333 0.533333 0.533333 0.533333 0.533333 0.533333 0.426667 0.32 0.213333 0.106667 -2.38419e-08 
0 0.106667 0.213333 0.32 0.426667 0.533333 0.533333 0.533333 0.533333 0.533333 0.533333 0.426667 0.32 0.213333 0.106667 -2.38419e-08 
0 0.106667 0.213333 0.32 0.426667 0.533333 0.533333 0.533333 0.533333 0.533333 0.533333 0.426667 0.32 0.213333 0.106667 -2.38419e-08 
0 0.106667 0.213333 0.32 0.426667 0.533333 0.533333 0.533333 0.533333 0.533333 0.533333 0.426667 0.32 0.213333 0.106667 -2.38419e-08 
0 0.0853333 0.170667 0.256 0.341333 0.426667 0.426667 0.426667 0.426667 0.426667 0.426667 0.341333 0.256 0.170667 0.0853333 -1.90735e-08 
0 0.064 0.128 0.192 0.256 0.32 0.32 0.32 0.32 0.32 0.32 0.256 0.192 0.128 0.064 -1.43051e-08 
0 0.0426667 0.0853333 0.128 0.170667 0.213333 0.213333 0.213333 0.213333 0.213333 0.213333 0.170667 0.128 0.0853333 0.0426667 -9.53674e-09 
0 0.0213333 0.0426667 0.064 0.0853333 0.106667 0.106667 0.106667 0.106667 0.106667 0.106667 0.0853333 0.064 0.0426667 0.0213333 -4.76837e-09 
0 -4.76837e-09 -9.53674e-09 -1.43051e-08 -1.90735e-08 -2.38419e-08 -2.38419e-08 -2.38419e-08 -2.38419e-08 -2.38419e-08 -2.38419e-08 -1.90735e-08 -1.43051e-08 -9.53674e-09 -4.76837e-09 1.06581e-15 
0 0 0 0 0 0 0 0 0 0 0 0 0 0 0 0 
0 0.032 0.064 0.096 0.128 0.16 0.16 0.16 0.16 0.16 0.16 0.128 0.096 0.064 0.032 -7.15256e-09 
0 0.064 0.128 0.192 0.256 0.32 0.32 0.32 0.32 0.32 0.32 0.256 0.192 0.128 0.064 -1.43051e-08 
0 0.096 0.192 0.288 0.384 0.48 0.48 0.48 0.48 0.48 0.48 0.384 0.288 0.192 0.096 -2.14577e-08 
0 0.128 0.256 0.384 0.512 0.64 0.64 0.64 0.64 0.64 0.64 0.512 0.384 0.256 0.128 -2.86102e-08 
0 0.16 0.32 0.48 0.64 0.8 0.8 0.8 0.8 0.8 0.8 0.64 0.48 0.32 0.16 -3.57628e-08 
0 0.16 0.32 0.48 0.64 0.8 0.8 0.8 0.8 0.8 0.8 0.64 0.48 0.32 0.16 -3.57628e-08 
0 0.16 0.32 0.48 0.64 0.8 0.8 0.8 0.8 0.8 0.8 0.64 0.48 0.32 0.16 -3.57628e-08 
0 0.16 0.32 0.48 0.64 0.8 0.8 0.8 0.8 0.8 0.8 0.64 0.48 0.32 0.16 -3.57628e-08 
0 0.16 0.32 0.48 0.64 0.8 0.8 0.8 0.8 0.8 0.8 0.64 0.48 0.32 0.16 -3.57628e-08 
0 0.16 0.32 0.48 0.64 0.8 0.8 0.8 0.8 0.8 0.8 0.64 0.48 0.32 0.16 -3.57628e-08 
0 0.128 0.256 0.384 0.512 0.64 0.64 0.64 0.64 0.64 0.64 0.512 0.384 0.256 0.128 -2.86102e-08 
0 0.096 0.192 0.288 0.384 0.48 0.48 0.48 0.48 0.48 0.48 0.384 0.288 0.192 0.096 -2.14577e-08 
0 0.064 0.128 0.192 0.256 0.32 0.32 0.32 0.32 0.32 0.32 0.256 0.192 0.128 0.064 -1.43051e-08 
0 0.032 0.064 0.096 0.128 0.16 0.16 0.16 0.16 0.16 0.16 0.128 0.096 0.064 0.032 -7.15256e-09 
0 -7.15256e-09 -1.43051e-08 -2.14577e-08 -2.86102e-08 -3.57628e-08 -3.57628e-08 -3.57628e-08 -3.57628e-08 -3.57628e-08 -3.57628e-08 -2.86102e-08 -2.14577e-08 -1.43051e-08 -7.15256e-09 1.59872e-15 
0 0 0 0 0 0 0 0 0 0 0 0 0 0 0 0 
0 0.04 0.08 0.12 0.16 0.2 0.2 0.2 0.2 0.2 0.2 0.16 0.12 0.08 0.04 -8.9407e-09 
0 0.08 0.16 0.24 0.32 0.4 0.4 0.4 0.4 0.4 0.4 0.32 0.24 0.16 0.08 -1.78814e-08 
0 0.12 0.24 0.36 0.48 0.6 0.6 0.6 0.6 0.6 0.6 0.48 0.36 0.24 0.12 -2.68221e-08 
0 0.16 0.32 0.48 0.64 0.8 0.8 0.8 0.8 0.8 0.8 0.64 0.48 0.32 0.16 -3.57628e-08 
0 0.2 0.4 0.6 0.8 1 1 1 1 1 1 0.8 0.6 0.4 0.2 -4.47035e-08 
0 0.2 0.4 0.6 0.8 1 1 1 1 1 1 0.8 0.6 0.4 0.2 -4.47035e-08 
0 0.2 0.4 0.6 0.8 1 1 1 1 1 1 0.8 0.6 0.4 0.2 -4.47035e-08 
0 0.2 0.4 0.6 0.8 1 1 1 1 1 1 0.8 0.6 0.4 0.2 -4.47035e-08 
0 0.2 0.4 0.6 0.8 1 1 1 1 1 1 0.8 0.6 0.4 0.2 -4.47035e-08 
0 0.2 0.4 0.6 0.8 1 1 1 1 1 1 0.8 0.6 0.4 0.2 -4.47035e-08 
0 0.16 0.32 0.48 0.64 0.8 0.8 0.8 0.8 0.8 0.8 0.64 0.48 0.32 0.16 -3.57628e-08 
0 0.12 0.24 0.36 0.48 0.6 0.6 0.6 0.6 0.6 0.6 0.48 0.36 0.24 0.12 -2.68221e-08 
0 0.08 0.16 0.24 0.32 0.4 0.4 0.4 0.4 0.4 0.4 0.32 0.24 0.16 0.08 -1.78814e-08 
0 0.04 0.08 0.12 0.16 0.2 0.2 0.2 0.2 0.2 0.2 0.16 0.12 0.08 0.04 -8.9407e-09 
0 -8.9407e-09 -1.78814e-08 -2.68221e-08 -3.57628e-08 -4.47035e-08 -4.47035e-08 -4.47035e-08 -4.47035e-08 -4.47035e-08 -4.47035e-08 -3.57628e-08 -2.68221e-08 -1.78814e-08 -8.9407e-09 1.9984e-15 
0 0 0 0 0 0 0 0 0 0 0 0 0 0 0 0 
0 0.04 0.08 0.12 0.16 0.2 0.2 0.2 0.2 0.2 0.2 0.16 0.12 0.08 0.04 -8.9407e-09 
0 0.08 0.16 0.24 0.32 0.4 0.4 0.4 0.4 0.4 0.4 0.32 0.24 0.16 0.08 -1.78814e-08 
0 0.12 0.24 0.36 0.48 0.6 0.6 0.6 0.6 0.6 0.6 0.48 0.36 0.24 0.12 -2.68221e-08 
0 0.16 0.32 0.48 0.64 0.8 0.8 0.8 0.8 0.8 0.8 0.64 0.48 0.32 0.16 -3.57628e-08 
0 0.2 0.4 0.6 0.8 1 1 1 1 1 1 0.8 0.6 0.4 0.2 -4.47035e-08 
0 0.2 0.4 0.6 0.8 1 1 1 1 1 1 0.8 0.6 0.4 0.2 -4.47035e-08 
0 0.2 0.4 0.6 0.8 1 1 1 1 1 1 0.8 0.6 0.4 0.2 -4.47035e-08 
0 0.2 0.4 0.6 0.8 1 1 1 1 1 1 0.8 0.6 0.4 0.2 -4.47035e-08 
0 0.2 0.4 0.6 0.8 1 1 1 1 1 1 0.8 0.6 0.4 0.2 -4.47035e-08 
0 0.2 0.4 0.6 0.8 1 1 1 1 1 1 0.8 0.6 0.4 0.2 -4.47035e-08 
0 0.16 0.32 0.48 0.64 0.8 0.8 0.8 0.8 0.8 0.8 0.64 0.48 0.32 0.16 -3.57628e-08 
0 0.12 0.24 0.36 0.48 0.6 0.6 0.6 0.6 0.6 0.6 0.48 0.36 0.24 0.12 -2.68221e-08 
0 0.08 0.16 0.24 0.32 0.4 0.4 0.4 0.4 0.4 0.4 0.32 0.24 0.16 0.08 -1.78814e-08 
0 0.04 0.08 0.12 0.16 0.2 0.2 0.2 0.2 0.2 0.2 0.16 0.12 0.08 0.04 -8.9407e-09 
0 -8.9407e-09 -1.78814e-08 -2.68221e-08 -3.57628e-08 -4.47035e-08 -4.47035e-08 -4.47035e-08 -4.47035e-08 -4.47035e-08 -4.47035e-08 -3.57628e-08 -2.68221e-08 -1.78814e-08 -8.9407e-09 1.9984e-15 
0 0 0 0 0 0 0 0 0 0 0 0 0 0 0 0 
0 0.04 0.08 0.12 0.16 0.2 0.2 0.2 0.2 0.2 0.2 0.16 0.12 0.08 0.04 -8.9407e-09 
0 0.08 0.16 0.24 0.32 0.4 0.4 0.4 0.4 0.4 0.4 0.32 0.24 0.16 0.08 -1.78814e-08 
0 0.12 0.24 0.36 0.48 0.6 0.6 0.6 0.6 0.6 0.6 0.48 0.36 0.24 0.12 -2.68221e-08 
0 0.16 0.32 0.48 0.64 0.8 0.8 0.8 0.8 0.8 0.8 0.64 0.48 0.32 0.16 -3.57628e-08 
0 0.2 0.4 0.6 0.8 1 1 1 1 1 1 0.8 0.6 0.4 0.2 -4.47035e-08 
0 0.2 0.4 0.6 0.8 1 1 1 1 1 1 0.8 0.6 0.4 0.2 -4.47035e-08 
0 0.2 0.4 0.6 0.8 1 1 1 1 1 1 0.8 0.6 0.4 0.2 -4.47035e-08 
0 0.2 0.4 0.6 0.8 1 1 1 1 1 1 0.8 0.6 0.4 0.2 -4.47035e-08 
0 0.2 0.4 0.6 0.8 1 1 1 1 1 1 0.8 0.6 0.4 0.2 -4.47035e-08 
0 0.2 0.4 0.6 0.8 1 1 1 1 1 1 0.8 0.6 0.4 0.2 -4.47035e-08 
0 0.16 0.32 0.48 0.64 0.8 0.8 0.8 0.8 0.8 0.8 0.64 0.48 0.32 0.16 -3.57628e-08 
0 0.12 0.24 0.36 0.48 0.6 0.6 0.6 0.6 0.6 0.6 0.48 0.36 0.24 0.12 -2.68221e-08 
0 0.08 0.16 0.24 0.32 0.4 0.4 0.4 0.4 0.4 0.4 0.32 0.24 0.16 0.08 -1.78814e-08 
0 0.04 0.08 0.12 0.16 0.2 0.2 0.2 0.2 0.2 0.2 0.16 0.12 0.08 0.04 -8.9407e-09 
0 -8.9407e-09 -1.78814e-08 -2.68221e-08 -3.57628e-08 -4.47035e-08 -4.47035e-08 -4.47035e-08 -4.47035e-08 -4.47035e-08 -4.47035e-08 -3.57628e-08 -2.68221e-08 -1.78814e-08 -8.9407e-09 1.9984e-15 
0 0 0 0 0 0 0 0 0 0 0 0 0 0 0 0 
0 0.04 0.08 0.12 0.16 0.2 0.2 0.2 0.2 0.2 0.2 0.16 0.12 0.08 0.04 -8.9407e-09 
0 0.08 0.16 0.24 0.32 0.4 0.4 0.4 0.4 0.4 0.4 0.32 0.24 0.16 0.08 -1.78814e-08 
0 0.12 0.24 0.36 0.48 0.6 0.6 0.6 0.6 0.6 0.6 0.48 0.36 0.24 0.12 -2.68221e-08 
0 0.16 0.32 0.48 0.64 0.8 0.8 0.8 0.8 0.8 0.8 0.64 0.48 0.32 0.16 -3.57628e-08 
0 0.2 0.4 0.6 0.8 1 1 1 1 1 1 0.8 0.6 0.4 0.2 -4.47035e-08 
0 0.2 0.4 0.6 0.8 1 1 1 1 1 1 0.8 0.6 0.4 0.2 -4.47035e-08 
0 0.2 0.4 0.6 0.8 1 1 1 1 1 1 0.8 0.6 0.4 0.2 -4.47035e-08 
0 0.2 0.4 0.6 0.8 1 1 1 1 1 1 0.8 0.6 0.4 0.2 -4.47035e-08 
0 0.2 0.4 0.6 0.8 1 1 1 1 1 1 0.8 0.6 0.4 0.2 -4.47035e-08 
0 0.2 0.4 0.6 0.8 1 1 1 1 1 1 0.8 0.6 0.4 0.2 -4.47035e-08 
0 0.16 0.32 0.48 0.64 0.8 0.8 0.8 0.8 0.8 0.8 0.64 0.48 0.32 0.16 -3.57628e-08 
0 0.12 0.24 0.36 0.48 0.6 0.6 0.6 0.6 0.6 0.6 0.48 0.36 0.24 0.12 -2.68221e-08 
0 0.08 0.16 0.24 0.32 0.4 0.4 0.4 0.4 0.4 0.4 0.32 0.24 0.16 0.08 -1.78814e-08 
0 0.04 0.08 0.12 0.16 0.2 0.2 0.2 0.2 0.2 0.2 0.16 0.12 0.08 0.04 -8.9407e-09 
0 -8.9407e-09 -1.78814e-08 -2.68221e-08 -3.57628e-08 -4.47035e-08 -4.47035e-08 -4.47035e-08 -4.47035e-08 -4.47035e-08 -4.47035e-08 -3.57628e-08 -2.68221e-08 -1.78814e-08 -8.9407e-09 1.9984e-15 
0 0 0 0 0 0 0 0 0 0 0 0 0 0 0 0 
0 0.04 0.08 0.12 0.16 0.2 0.2 0.2 0.2 0.2 0.2 0.16 0.12 0.08 0.04 -8.9407e-09 
0 0.08 0.16 0.24 0.32 0.4 0.4 0.4 0.4 0.4 0.4 0.32 0.24 0.16 0.08 -1.78814e-08 
0 0.12 0.24 0.36 0.48 0.6 0.6 0.6 0.6 0.6 0.6 0.48 0.36 0.24 0.12 -2.68221e-08 
0 0.16 0.32 0.48 0.64 0.8 0.8 0.8 0.8 0.8 0.8 0.64 0.48 0.32 0.16 -3.57628e-08 
0 0.2 0.4 0.6 0.8 1 1 1 1 1 1 0.8 0.6 0.4 0.2 -4.47035e-08 
0 0.2 0.4 0.6 0.8 1 1 1 1 1 1 0.8 0.6 0.4 0.2 -4.47035e-08 
0 0.2 0.4 0.6 0.8 1 1 1 1 1 1 0.8 0.6 0.4 0.2 -4.47035e-08 
0 0.2 0.4 0.6 0.8 1 1 1 1 1 1 0.8 0.6 0.4 0.2 -4.47035e-08 
0 0.2 0.4 0.6 0.8 1 1 1 1 1 1 0.8 0.6 0.4 0.2 -4.47035e-08 
0 0.2 0.4 0.6 0.8 1 1 1 1 1 1 0.8 0.6 0.4 0.2 -4.47035e-08 
0 0.16 0.32 0.48 0.64 0.8 0.8 0.8 0.8 0.8 0.8 0.64 0.48 0.32 0.16 -3.57628e-08 
0 0.12 0.24 0.36 0.48 0.6 0.6 0.6 0.6 0.6 0.6 0.48 0.36 0.24 0.12 -2.68221e-08 
0 0.08 0.16 0.24 0.32 0.4 0.4 0.4 0.4 0.4 0.4 0.32 0.24 0.16 0.08 -1.78814e-08 
0 0.04 0.08 0.12 0.16 0.2 0.2 0.2 0.2 0.2 0.2 0.16 0.12 0.08 0.04 -8.9407e-09 
0 -8.9407e-09 -1.78814e-08 -2.68221e-08 -3.57628e-08 -4.47035e-08 -4.47035e-08 -4.47035e-08 -4.47035e-08 -4.47035e-08 -4.47035e-08 -3.57628e-08 -2.68221e-08 -1.78814e-08 -8.9407e-09 1.9984e-15 
0 0 0 0 0 0 0 0 0 0 0 0 0 0 0 0 
0 0.04 0.08 0.12 0.16 0.2 0.2 0.2 0.2 0.2 0.2 0.16 0.12 0.08 0.04 -8.9407e-09 
0 0.08 0.16 0.24 0.32 0.4 0.4 0.4 0.4 0.4 0.4 0.32 0.24 0.16 0.08 -1.78814e-08 
0 0.12 0.24 0.36 0.48 0.6 0.6 0.6 0.6 0.6 0.6 0.48 0.36 0.24 0.12 -2.68221e-08 
0 0.16 0.32 0.48 0.64 0.8 0.8 0.8 0.8 0.8 0.8 0.64 0.48 0.32 0.16 -3.57628e-08 
0 0.2 0.4 0.6 0.8 1 1 1 1 1 1 0.8 0.6 0.4 0.2 -4.47035e-08 
0 0.2 0.4 0.6 0.8 1 1 1 1 1 1 0.8 0.6 0.4 0.2 -4.47035e-08 
0 0.2 0.4 0.6 0.8 1 1 1 1 1 1 0.8 0.6 0.4 0.2 -4.47035e-08 
0 0.2 0.4 0.6 0.8 1 1 1 1 1 1 0.8 0.6 0.4 0.2 -4.47035e-08 
0 0.2 0.4 0.6 0.8 1 1 1 1 1 1 0.8 0.6 0.4 0.2 -4.47035e-08 
0 0.2 0.4 0.6 0.8 1 1 1 1 1 1 0.8 0.6 0.4 0.2 -4.47035e-08 
0 0.16 0.32 0.48 0.64 0.8 0.8 0.8 0.8 0.8 0.8 0.64 0.48 0.32 0.16 -3.57628e-08 
0 0.12 0.24 0.36 0.48 0.6 0.6 0.6 0.6 0.6 0.6 0.48 0.36 0.24 0.12 -2.68221e-08 
0 0.08 0.16 0.24 0.32 0.4 0.4 0.4 0.4 0.4 0.4 0.32 0.24 0.16 0.08 -1.78814e-08 
0 0.04 0.08 0.12 0.16 0.2 0.2 0.2 0.2 0.2 0.2 0.16 0.12 0.08 0.04 -8.94069e-09 
0 -8.9407e-09 -1.78814e-08 -2.68221e-08 -3.57628e-08 -4.47035e-08 -4.47035e-08 -4.47035e-08 -4.47035e-08 -4.47035e-08 -4.47035e-08 -3.57628e-08 -2.68221e-08 -1.78814e-08 -8.9407e-09 1.9984e-15 
0 0 0 0 0 0 0 0 0 0 0 0 0 0 0 0 
0 0.04 0.08 0.12 0.16 0.2 0.2 0.2 0.2 0.2 0.2 0.16 0.12 0.08 0.04 -8.9407e-09 
0 0.08 0.16 0.24 0.32 0.4 0.4 0.4 0.4 0.4 0.4 0.32 0.24 0.16 0.08 -1.78814e-08 
0 0.12 0.24 0.36 0.48 0.6 0.6 0.6 0.6 0.6 0.6 0.48 0.36 0.24 0.12 -2.68221e-08 
0 0.16 0.32 0.48 0.64 0.8 0.8 0.8 0.8 0.8 0.8 0.64 0.48 0.32 0.16 -3.57628e-08 
0 0.2 0.4 0.6 0.8 1 1 1 1 1 1 0.8 0.6 0.4 0.2 -4.47035e-08 
0 0.2 0.4 0.6 0.8 1 1 1 1 1 1 0.8 0.6 0.4 0.2 -4.47035e-08 
0 0.2 0.4 0.6 0.8 1 1 1 1 1 1 0.8 0.6 0.4 0.2 -4.47035e-08 
0 0.2 0.4 0.6 0.8 1 1 1 1 1 1 0.8 0.6 0.4 0.2 -4.47035e-08 
0 0.2 0.4 0.6 0.8 1 1 1 1 1 1 0.8 0.6 0.4 0.2 -4.47035e-08 
0 0.2 0.4 0.6 0.8 1 1 1 1 1 1 0.8 0.6 0.4 0.2 -4.47035e-08 
0 0.16 0.32 0.48 0.64 0.8 0.8 0.8 0.8 0.8 0.8 0.64 0.48 0.32 0.16 -3.57628e-08 
0 0.12 0.24 0.36 0.48 0.6 0.6 0.6 0.6 0.6 0.6 0.48 0.36 0.24 0.12 -2.68221e-08 
0 0.08 0.16 0.24 0.32 0.4 0.4 0.4 0.4 0.4 0.4 0.32 0.24 0.16 0.08 -1.78814e-08 
0 0.04 0.08 0.12 0.16 0.2 0.2 0.2 0.2 0.2 0.2 0.16 0.12 0.08 0.04 -8.94069e-09 
0 -8.9407e-09 -1.78814e-08 -2.68221e-08 -3.57628e-08 -4.47035e-08 -4.47035e-08 -4.47035e-08 -4.47035e-08 -4.47035e-08 -4.47035e-08 -3.57628e-08 -2.68221e-08 -1.78814e-08 -8.9407e-09 1.9984e-15 
0 0 0 0 0 0 0 0 0 0 0 0 0 0 0 0 
0 0.04 0.08 0.12 0.16 0.2 0.2 0.2 0.2 0.2 0.2 0.16 0.12 0.08 0.04 -8.9407e-09 
0 0.08 0.16 0.24 0.32 0.4 0.4 0.4 0.4 0.4 0.4 0.32 0.24 0.16 0.08 -1.78814e-08 
0 0.12 0.24 0.36 0.48 0.6 0.6 0.6 0.6 0.6 0.6 0.48 0.36 0.24 0.12 -2.68221e-08 
0 0.16 0.32 0.48 0.64 0.8 0.8 0.8 0.8 0.8 0.8 0.64 0.48 0.32 0.16 -3.57628e-08 
0 0.2 0.4 0.6 0.8 1 1 1 1 1 1 0.8 0.6 0.4 0.2 -4.47035e-08 
0 0.2 0.4 0.6 0.8 1 1 1 1 1 1 0.8 0.6 0.4 0.2 -4.47035e-08 
0 0.2 0.4 0.6 0.8 1 1 1 1 1 1 0.8 0.6 0.4 0.2 -4.47035e-08 
0 0.2 0.4 0.6 0.8 1 1 1 1 1 1 0.8 0.6 0.4 0.2 -4.47035e-08 
0 0.2 0.4 0.6 0.8 1 1 1 1 1 1 0.8 0.6 0.4 0.2 -4.47035e-08 
0 0.2 0.4 0.6 0.8 1 1 1 1 1 1 0.8 0.6 0.4 0.2 -4.47035e-08 
0 0.16 0.32 0.48 0.64 0.8 0.8 0.8 0.8 0.8 0.8 0.64 0.48 0.32 0.16 -3.57628e-08 
0 0.12 0.24 0.36 0.48 0.6 0.6 0.6 0.6 0.6 0.6 0.48 0.36 0.24 0.12 -2.68221e-08 
0 0.08 0.16 0.24 0.32 0.4 0.4 0.4 0.4 0.4 0.4 0.32 0.24 0.16 0.08 -1.78814e-08 
0 0.04 0.08 0.12 0.16 0.2 0.2 0.2 0.2 0.2 0.2 0.16 0.12 0.08 0.04 -8.9407e-09 
0 -8.9407e-09 -1.78814e-08 -2.68221e-08 -3.57628e-08 -4.47035e-08 -4.47035e-08 -4.47035e-08 -4.47035e-08 -4.47035e-08 -4.47035e-08 -3.57628e-08 -2.68221e-08 -1.78814e-08 -8.9407e-09 1.9984e-15 
0 0 0 0 0 0 0 0 0 0 0 0 0 0 0 0 
0 0.032 0.064 0.096 0.128 0.16 0.16 0.16 0.16 0.16 0.16 0.128 0.096 0.064 0.032 -7.15256e-09 
0 0.064 0.128 0.192 0.256 0.32 0.32 0.32 0.32 0.32 0.32 0.256 0.192 0.128 0.064 -1.43051e-08 
0 0.096 0.192 0.288 0.384 0.48 0.48 0.48 0.48 0.48 0.48 0.384 0.288 0.192 0.096 -2.14577e-08 
0 0.128 0.256 0.384 0.512 0.64 0.64 0.64 0.64 0.64 0.64 0.512 0.384 0.256 0.128 -2.86102e-08 
0 0.16 0.32 0.48 0.64 0.8 0.8 0.8 0.8 0.8 0.8 0.64 0.48 0.32 0.16 -3.57628e-08 
0 0.16 0.32 0.48 0.64 0.8 0.8 0.8 0.8 0.8 0.8 0.64 0.48 0.32 0.16 -3.57628e-08 
0 0.16 0.32 0.48 0.64 0.8 0.8 0.8 0.8 0.8 0.8 0.64 0.48 0.32 0.16 -3.57628e-08 
0 0.16 0.32 0.48 0.64 0.8 0.8 0.8 0.8 0.8 0.8 0.64 0.48 0.32 0.16 -3.57628e-08 
0 0.16 0.32 0.48 0.64 0.8 0.8 0.8 0.8 0.8 0.8 0.64 0.48 0.32 0.16 -3.57628e-08 
0 0.16 0.32 0.48 0.64 0.8 0.8 0.8 0.8 0.8 0.8 0.64 0.48 0.32 0.16 -3.57628e-08 
0 0.128 0.256 0.384 0.512 0.64 0.64 0.64 0.64 0.64 0.64 0.512 0.384 0.256 0.128 -2.86102e-08 
0 0.096 0.192 0.288 0.384 0.48 0.48 0.48 0.48 0.48 0.48 0.384 0.288 0.192 0.096 -2.14577e-08 
0 0.064 0.128 0.192 0.256 0.32 0.32 0.32 0.32 0.32 0.32 0.256 0.192 0.128 0.064 -1.43051e-08 
0 0.032 0.064 0.096 0.128 0.16 0.16 0.16 0.16 0.16 0.16 0.128 0.096 0.064 0.032 -7.15255e-09 
0 -7.15256e-09 -1.43051e-08 -2.14577e-08 -2.86102e-08 -3.57628e-08 -3.57628e-08 -3.57628e-08 -3.57628e-08 -3.57628e-08 -3.57628e-08 -2.86102e-08 -2.14577e-08 -1.43051e-08 -7.15255e-09 1.59872e-15 
0 0 0 0 0 0 0 0 0 0 0 0 0 0 0 0 
0 0.0213333 0.0426667 0.064 0.0853333 0.106667 0.106667 0.106667 0.106667 0.106667 0.106667 0.0853333 0.064 0.0426666 0.0213333 -4.76837e-09 
0 0.0426667 0.0853333 0.128 0.170667 0.213333 0.213333 0.213333 0.213333 0.213333 0.213333 0.170667 0.128 0.0853333 0.0426666 -9.53674e-09 
0 0.064 0.128 0.192 0.256 0.32 0.32 0.32 0.32 0.32 0.32 0.256 0.192 0.128 0.064 -1.43051e-08 
0 0.0853333 0.170667 0.256 0.341333 0.426667 0.426667 0.426667 0.426667 0.426667 0.426667 0.341333 0.256 0.170667 0.0853333 -1.90735e-08 
0 0.106667 0.213333 0.32 0.426667 0.533333 0.533333 0.533333 0.533333 0.533333 0.533333 0.426666 0.32 0.213333 0.106667 -2.38418e-08 
0 0.106667 0.213333 0.32 0.426667 0.533333 0.533333 0.533333 0.533333 0.533333 0.533333 0.426666 0.32 0.213333 0.106667 -2.38418e-08 
0 0.106667 0.213333 0.32 0.426667 0.533333 0.533333 0.533333 0.533333 0.533333 0.533333 0.426666 0.32 0.213333 0.106667 -2.38418e-08 
0 0.106667 0.213333 0.32 0.426667 0.533333 0.533333 0.533333 0.533333 0.533333 0.533333 0.426666 0.32 0.213333 0.106667 -2.38418e-08 
0 0.106667 0.213333 0.32 0.426667 0.533333 0.533333 0.533333 0.533333 0.533333 0.533333 0.426666 0.32 0.213333 0.106667 -2.38418e-08 
0 0.106667 0.213333 0.32 0.426667 0.533333 0.533333 0.533333 0.533333 0.533333 0.533333 0.426666 0.32 0.213333 0.106667 -2.38418e-08 
0 0.0853333 0.170667 0.256 0.341333 0.426666 0.426666 0.426666 0.426666 0.426666 0.426666 0.341333 0.256 0.170667 0.0853333 -1.90735e-08 
0 0.064 0.128 0.192 0.256 0.32 0.32 0.32 0.32 0.32 0.32 0.256 0.192 0.128 0.064 -1.43051e-08 
0 0.0426666 0.0853333 0.128 0.170667 0.213333 0.213333 0.213333 0.213333 0.213333 0.213333 0.170667 0.128 0.0853333 0.0426666 -9.53674e-09 
0 0.0213333 0.0426666 0.064 0.0853333 0.106667 0.106667 0.106667 0.106667 0.106667 0.106667 0.0853333 0.064 0.0426666 0.0213333 -4.76837e-09 
0 -4.76837e-09 -9.53674e-09 -1.43051e-08 -1.90735e-08 -2.38418e-08 -2.38418e-08 -2.38418e-08 -2.38418e-08 -2.38418e-08 -2.38418e-08 -1.90735e-08 -1.43051e-08 -9.53674e-09 -4.76837e-09 1.06581e-15 
0 0 0 0 0 0 0 0 0 0 0 0 0 0 0 0 
0 0.0106667 0.0213333 0.032 0.0426666 0.0533333 0.0533333 0.0533333 0.0533333 0.0533333 0.0533333 0.0426666 0.032 0.0213333 0.0106667 -2.38418e-09 
0 0.0213333 0.0426666 0.064 0.0853333 0.106667 0.106667 0.106667 0.106667 0.106667 0.106667 0.0853333 0.064 0.0426666 0.0213333 -4.76837e-09 
0 0.032 0.064 0.0959999 0.128 0.16 0.16 0.16 0.16 0.16 0.16 0.128 0.0959999 0.064 0.032 -7.15255e-09 
0 0.0426666 0.0853333 0.128 0.170667 0.213333 0.213333 0.213333 0.213333 0.213333 0.213333 0.170667 0.128 0.0853333 0.0426666 -9.53674e-09 
0 0.0533333 0.106667 0.16 0.213333 0.266666 0.266666 0.266666 0.266666 0.266666 0.266666 0.213333 0.16 0.106667 0.0533333 -1.19209e-08 
0 0.0533333 0.106667 0.16 0.213333 0.266666 0.266666 0.266666 0.266666 0.266666 0.266666 0.213333 0.16 0.106667 0.0533333 -1.19209e-08 
0 0.0533333 0.106667 0.16 0.213333 0.266666 0.266666 0.266666 0.266666 0.266666 0.266666 0.213333 0.16 0.106667 0.0533333 -1.19209e-08 
0 0.0533333 0.106667 0.16 0.213333 0.266666 0.266666 0.266666 0.266666 0.266666 0.266666 0.213333 0.16 0.106667 0.0533333 -1.19209e-08 
0 0.0533333 0.106667 0.16 0.213333 0.266666 0.266666 0.266666 0.266666 0.266666 0.266666 0.213333 0.16 0.106667 0.0533333 -1.19209e-08 
0 0.0533333 0.106667 0.16 0.213333 0.266666 0.266666 0.266666 0.266666 0.266666 0.266666 0.213333 0.16 0.106667 0.0533333 -1.19209e-08 
0 0.0426666 0.0853333 0.128 0.170667 0.213333 0.213333 0.213333 0.213333 0.213333 0.213333 0.170667 0.128 0.0853333 0.0426666 -9.53674e-09 
0 0.032 0.064 0.0959999 0.128 0.16 0.16 0.16 0.16 0.16 0.16 0.128 0.0959999 0.0639999 0.032 -7.15255e-09 
0 0.0213333 0.0426666 0.064 0.0853333 0.106667 0.106667 0.106667 0.106667 0.106667 0.106667 0.0853333 0.0639999 0.0426666 0.0213333 -4.76837e-09 
0 0.0106667 0.0213333 0.032 0.0426666 0.0533333 0.0533333 0.0533333 0.0533333 0.0533333 0.0533333 0.0426666 0.032 0.0213333 0.0106667 -2.38418e-09 
0 -2.38418e-09 -4.76837e-09 -7.15255e-09 -9.53674e-09 -1.19209e-08 -1.19209e-08 -1.19209e-08 -1.19209e-08 -1.19209e-08 -1.19209e-08 -9.53674e-09 -7.15255e-09 -4.76837e-09 -2.38418e-09 5.32907e-16 
0 0 0 0 0 0 0 0 0 0 0 0 0 0 0 0 
0 -8.34465e-09 -1.66893e-08 -2.5034e-08 -3.33786e-08 -4.17233e-08 -4.17233e-08 -4.17233e-08 -4.17233e-08 -4.17233e-08 -4.17233e-08 -3.33786e-08 -2.5034e-08 -1.66893e-08 -8.34465e-09 1.86517e-15 
0 -1.66893e-08 -3.33786e-08 -5.00679e-08 -6.67572e-08 -8.34465e-08 -8.34465e-08 -8.34465e-08 -8.34465e-08 -8.34465e-08 -8.34465e-08 -6.67572e-08 -5.00679e-08 -3.33786e-08 -1.66893e-08 3.73035e-15 
0 -2.5034e-08 -5.00679e-08 -7.51019e-08 -1.00136e-07 -1.2517e-07 -1.2517e-07 -1.2517e-07 -1.2517e-07 -1.2517e-07 -1.2517e-07 -1.00136e-07 -7.51019e-08 -5.00679e-08 -2.50339e-08 5.59552e-15 
0 -3.33786e-08 -6.67572e-08 -1.00136e-07 -1.33514e-07 -1.66893e-07 -1.66893e-07 -1.66893e-07 -1.66893e-07 -1.66893e-07 -1.66893e-07 -1.33514e-07 -1.00136e-07 -6.67572e-08 -3.33786e-08 7.4607e-15 
0 -4.17233e-08 -8.34465e-08 -1.2517e-07 -1.66893e-07 -2.08616e-07 -2.08616e-07 -2.08616e-07 -2.08616e-07 -2.08616e-07 -2.08616e-07 -1.66893e-07 -1.2517e-07 -8.34465e-08 -4.17232e-08 9.32587e-15 
0 -4.17233e-08 -8.34465e-08 -1.2517e-07 -1.66893e-07 -2.08616e-07 -2.08616e-07 -2.08616e-07 -2.08616e-07 -2.08616e-07 -2.08616e-07 -1.66893e-07 -1.2517e-07 -8.34465e-08 -4.17232e-08 9.32587e-15 
0 -4.17233e-08 -8.34465e-08 -1.2517e-07 -1.66893e-07 -2.08616e-07 -2.08616e-07 -2.08616e-07 -2.08616e-07 -2.08616e-07 -2.08616e-07 -1.66893e-07 -1.2517e-07 -8.34465e-08 -4.17232e-08 9.32587e-15 
0 -4.17233e-08 -8.34465e-08 -1.2517e-07 -1.66893e-07 -2.08616e-07 -2.08616e-07 -2.08616e-07 -2.08616e-07 -2.08616e-07 -2.08616e-07 -1.66893e-07 -1.2517e-07 -8.34465e-08 -4.17232e-08 9.32587e-15 
0 -4.17233e-08 -8.34465e-08 -1.2517e-07 -1.66893e-07 -2.08616e-07 -2.08616e-07 -2.08616e-07 -2.08616e-07 -2.08616e-07 -2.08616e-07 -1.66893e-07 -1.2517e-07 -8.34465e-08 -4.17232e-08 9.32587e-15 
0 -4.17233e-08 -8.34465e-08 -1.2517e-07 -1.66893e-07 -2.08616e-07 -2.08616e-07 -2.08616e-07 -2.08616e-07 -2.08616e-07 -2.08616e-07 -1.66893e-07 -1.2517e-07 -8.34465e-08 -4.17232e-08 9.32587e-15 
0 -3.33786e-08 -6.67572e-08 -1.00136e-07 -1.33514e-07 -1.66893e-07 -1.66893e-07 -1.66893e-07 -1.66893e-07 -1.66893e-07 -1.66893e-07 -1.33514e-07 -1.00136e-07 -6.67572e-08 -3.33786e-08 7.4607e-15 
0 -2.5034e-08 -5.00679e-08 -7.51019e-08 -1.00136e-07 -1.2517e-07 -1.2517e-07 -1.2517e-07 -1.2517e-07 -1.2517e-07 -1.2517e-07 -1.00136e-07 -7.51018e-08 -5.00679e-08 -2.50339e-08 5.59552e-15 
0 -1.66893e-08 -3.33786e-08 -5.00679e-08 -6.67572e-08 -8.34465e-08 -8.34465e-08 -8.34465e-08 -8.34465e-08 -8.34465e-08 -8.34465e-08 -6.67572e-08 -5.00679e-08 -3.33786e-08 -1.66893e-08 3.73035e-15 
0 -8.34465e-09 -1.66893e-08 -2.50339e-08 -3.33786e-08 -4.17232e-08 -4.17232e-08 -4.17232e-08 -4.17232e-08 -4.17232e-08 -4.17232e-08 -3.33786e-08 -2.50339e-08 -1.66893e-08 -8.34465e-09 1.86517e-15 
0 1.86517e-15 3.73035e-15 5.59552e-15 7.4607e-15 9.32587e-15 9.32587e-15 9.32587e-15 9.32587e-15 9.32587e-15 9.32587e-15 7.4607e-15 5.59552e-15 3.73035e-15 1.86517e-15 -4.16899e-22 
